2023-09-19 21:51:47: # CWD: /home/ischo/generative-IR/experiments/300_redhawk/designs/tv80_0.60_0.90
2023-09-19 21:51:47: # CMD: /tools/ANSYS/RedHawk/RedHawk_Linux64e6_V2020R2.1//bin/redhawk_main -b /home/ischo/generative-IR/experiments/300_redhawk/scripts/run_redhawk.tcl 
2023-09-19 21:51:47: # Timeout: 5
# Date Time VIRT(MB) RSS PEAK CPU-Time(s) Load-Average(4) Mem-Avail Mem/Cache
2023-09-19 21:51:47: 474 95 538 0.11	0.24, 0.25, 0.26, 1836	32200 286464
2023-09-19 21:51:52: 494 98 538 0.11	0.38, 0.28, 0.27, 1836	32200 286462
2023-09-19 21:51:57: 494 98 538 0.11	0.35, 0.27, 0.27, 1836	32212 286474
2023-09-19 21:52:02: 494 98 538 0.11	0.32, 0.27, 0.26, 1836	32212 286474
2023-09-19 21:52:07: 494 98 538 0.11	0.30, 0.26, 0.26, 1836	32216 286479
2023-09-19 21:52:12: 494 98 538 0.11	0.27, 0.26, 0.26, 1835	32220 286482
2023-09-19 21:52:17: 494 98 538 0.11	0.25, 0.26, 0.26, 1835	32216 286480
2023-09-19 21:52:22: 494 98 538 0.12	0.23, 0.25, 0.26, 1836	32212 286473
2023-09-19 21:52:27: 494 98 538 0.13	0.21, 0.25, 0.26, 1836	32212 286473
2023-09-19 21:52:32: 494 98 538 0.13	0.19, 0.24, 0.25, 1837	32200 286463
2023-09-19 21:52:37: 494 98 538 0.13	0.18, 0.24, 0.25, 1837	32200 286464
2023-09-19 21:52:42: 494 98 538 0.13	0.16, 0.23, 0.25, 1837	32200 286465
2023-09-19 21:52:47: 494 98 538 0.13	0.15, 0.23, 0.25, 1837	32204 286467
2023-09-19 21:52:52: 494 98 538 0.13	0.14, 0.23, 0.25, 1836	32208 286471
2023-09-19 21:52:57: 2554 103 2554 0.17	0.13, 0.22, 0.25, 1837	32204 286468
2023-09-19 21:53:02: 2554 103 2554 0.18	0.20, 0.24, 0.25, 1837	32204 286467
2023-09-19 21:53:07: 2554 103 2554 0.18	0.18, 0.23, 0.25, 1837	32204 286467
2023-09-19 21:53:12: 2554 103 2554 0.18	0.16, 0.23, 0.25, 1838	32204 286465
2023-09-19 21:53:17: 2554 103 2554 0.18	0.15, 0.22, 0.25, 1838	32204 286467
2023-09-19 21:53:22: 2554 103 2554 0.18	0.14, 0.22, 0.25, 1838	32204 286468
2023-09-19 21:53:27: 2554 103 2554 0.18	0.13, 0.22, 0.24, 1838	32204 286468
2023-09-19 21:53:32: 2706 191 2706 0.27	0.12, 0.21, 0.24, 1842	32008 286274
2023-09-19 21:53:37: 2849 302 3949 0.75	0.19, 0.23, 0.25, 1843	32000 286269
2023-09-19 21:53:42: 2849 302 3949 0.75	0.17, 0.22, 0.25, 1843	32000 286269
2023-09-19 21:53:47: 2849 304 3949 0.92	0.16, 0.22, 0.24, 1843	31988 286256
2023-09-19 21:53:52: 2849 304 3949 0.92	0.14, 0.21, 0.24, 1843	31988 286257
2023-09-19 21:53:57: 2849 304 3949 0.92	0.13, 0.21, 0.24, 1843	31992 286263
2023-09-19 21:54:02: 2849 304 3949 0.92	0.12, 0.21, 0.24, 1843	31984 286255
2023-09-19 21:54:07: 2849 304 3949 0.92	0.27, 0.24, 0.25, 1843	31984 286256
2023-09-19 21:54:12: 2849 304 3949 0.92	0.25, 0.23, 0.25, 1843	31984 286255
2023-09-19 21:54:17: 2849 304 3949 0.92	0.23, 0.23, 0.25, 1843	31992 286261
2023-09-19 21:54:22: 2849 304 3949 0.92	0.21, 0.22, 0.24, 1843	31992 286261
2023-09-19 21:54:27: 2849 304 3949 0.92	0.35, 0.25, 0.25, 1843	31984 286252
2023-09-19 21:54:32: 2849 304 3949 0.92	0.32, 0.25, 0.25, 1843	31984 286254
2023-09-19 21:54:37: 2849 304 3949 0.92	0.30, 0.25, 0.25, 1843	31984 286255
2023-09-19 21:54:42: 2849 304 3949 0.92	0.27, 0.24, 0.25, 1845	31964 286236
2023-09-19 21:54:47: 2851 306 3949 1.01	0.33, 0.25, 0.25, 1844	31960 286240
2023-09-19 21:54:52: 2851 306 3949 1.01	0.38, 0.27, 0.26, 1843	31980 286258
2023-09-19 21:54:57: 2915 306 3949 1.01	0.35, 0.26, 0.26, 1879	31440 285827
2023-09-19 21:55:02: 2915 306 3949 1.01	0.40, 0.27, 0.26, 1887	31264 285748
2023-09-19 21:55:07: 2915 306 3949 1.01	0.61, 0.32, 0.27, 1888	31260 285699
2023-09-19 21:55:13: 2915 306 3949 1.01	0.72, 0.35, 0.28, 1888	31164 285653
2023-09-19 21:55:18: 2915 306 3949 1.01	0.90, 0.39, 0.30, 1888	31128 285617
2023-09-19 21:55:23: 2915 306 3949 1.02	1.07, 0.43, 0.31, 1888	31104 285587
2023-09-19 21:55:28: 2915 306 3949 1.03	1.07, 0.44, 0.32, 1888	31072 285562
2023-09-19 21:55:33: 2915 306 3949 1.03	1.22, 0.49, 0.33, 1888	31044 285537
2023-09-19 21:55:38: 2915 306 3949 1.03	1.52, 0.56, 0.36, 1888	31024 285514
2023-09-19 21:55:43: 2915 306 3949 1.03	2.04, 0.68, 0.40, 1888	31004 285493
2023-09-19 21:55:48: 2915 306 3949 1.03	2.04, 0.71, 0.41, 1888	30988 285477
2023-09-19 21:55:53: 2915 306 3949 1.03	2.03, 0.73, 0.41, 1888	30972 285464
2023-09-19 21:55:57: 956 389 3949 1.86	2.19, 0.78, 0.43, 1886	30880 285374
2023-09-19 21:55:57: # Exit with reason (normal, status code 0).
