M3 3.000 3.000 0.8795751337735386
M4 3.000 3.000 0.8797131278179108
M5 3.000 3.000 0.879855123252548
M6 3.000 3.000 0.88
M3 3.000 9.000 0.8787957638370765
M4 3.000 9.000 0.8791911992577555
M5 3.000 9.000 0.8795961396668521
M6 3.000 9.000 0.88
M3 3.000 15.000 0.8779107492441094
M4 3.000 15.000 0.8786059404519952
M5 3.000 15.000 0.8793060516960629
M6 3.000 15.000 0.88
M3 3.000 21.000 0.8786767245650354
M4 3.000 21.000 0.8791088628805769
M5 3.000 21.000 0.8795525693012904
M6 3.000 21.000 0.88
M3 3.000 27.000 0.8789623909006767
M4 3.000 27.000 0.8793013889388398
M5 3.000 27.000 0.8796501157866831
M6 3.000 27.000 0.88
M3 3.000 33.000 0.8785967455356442
M4 3.000 33.000 0.8790633491403089
M5 3.000 33.000 0.8795351200219199
M6 3.000 33.000 0.88
M3 3.000 39.000 0.8792505282469294
M4 3.000 39.000 0.8794940347177213
M5 3.000 39.000 0.8797467555170283
M6 3.000 39.000 0.88
M3 3.000 45.000 0.8798347430388694
M4 3.000 45.000 0.879880734612989
M5 3.000 45.000 0.8799374436666498
M6 3.000 45.000 0.88
M3 9.000 3.000 0.8788016404594251
M4 9.000 3.000 0.879201954293237
M5 9.000 3.000 0.8795995419543721
M6 9.000 3.000 0.88
M3 9.000 9.000 0.8784008690172541
M4 9.000 9.000 0.8789352178169099
M5 9.000 9.000 0.8794675653793949
M6 9.000 9.000 0.88
M3 9.000 15.000 0.8780820429933952
M4 9.000 15.000 0.878722591507041
M5 9.000 15.000 0.8793607598650107
M6 9.000 15.000 0.88
M3 9.000 21.000 0.8779480983566503
M4 9.000 21.000 0.8786344326182847
M5 9.000 21.000 0.8793178887842209
M6 9.000 21.000 0.88
M3 9.000 27.000 0.8779798923454518
M4 9.000 27.000 0.8786562125535504
M5 9.000 27.000 0.8793288157097209
M6 9.000 27.000 0.88
M3 9.000 33.000 0.8780822611122523
M4 9.000 33.000 0.8787250111073678
M5 9.000 33.000 0.8793638728616574
M6 9.000 33.000 0.88
M3 9.000 39.000 0.8782773388472923
M4 9.000 39.000 0.8788534553491542
M5 9.000 39.000 0.8794261236809905
M6 9.000 39.000 0.88
M3 9.000 45.000 0.8783172210533114
M4 9.000 45.000 0.8788803712519881
M5 9.000 45.000 0.8794400550133991
M6 9.000 45.000 0.88
M3 15.000 3.000 0.8779917943588784
M4 15.000 3.000 0.8786600988159232
M5 15.000 3.000 0.8793284445295546
M6 15.000 3.000 0.88
M3 15.000 9.000 0.8782292171248458
M4 15.000 9.000 0.8788077288673868
M5 15.000 9.000 0.8794037568415998
M6 15.000 9.000 0.88
M3 15.000 15.000 0.8782309192784691
M4 15.000 15.000 0.8788169376231331
M5 15.000 15.000 0.879405451865995
M6 15.000 15.000 0.88
M3 15.000 21.000 0.8774921579919053
M4 15.000 21.000 0.878329335632499
M5 15.000 21.000 0.8791640962202721
M6 15.000 21.000 0.88
M3 15.000 27.000 0.8765939108543246
M4 15.000 27.000 0.8777440272619363
M5 15.000 27.000 0.8788770128963707
M6 15.000 27.000 0.88
M3 15.000 33.000 0.8777579027851805
M4 15.000 33.000 0.8785052890751134
M5 15.000 33.000 0.8792507827082299
M6 15.000 33.000 0.88
M3 15.000 39.000 0.8772264340094897
M4 15.000 39.000 0.8781622596618729
M5 15.000 39.000 0.8790863039978096
M6 15.000 39.000 0.88
M3 15.000 45.000 0.8780186934591885
M4 15.000 45.000 0.878677538458572
M5 15.000 45.000 0.8793357586383728
M6 15.000 45.000 0.88
M3 21.000 3.000 0.877969107387507
M4 21.000 3.000 0.8786584485524545
M5 21.000 3.000 0.8793287740330508
M6 21.000 3.000 0.88
M3 21.000 9.000 0.877141752798509
M4 21.000 9.000 0.8781070796004933
M5 21.000 9.000 0.8790540087383206
M6 21.000 9.000 0.88
M3 21.000 15.000 0.8781038373618326
M4 21.000 15.000 0.8787171016952173
M5 21.000 15.000 0.8793567759753605
M6 21.000 15.000 0.88
M3 21.000 21.000 0.8776577519809867
M4 21.000 21.000 0.8784260177453207
M5 21.000 21.000 0.8792147861955055
M6 21.000 21.000 0.88
M3 21.000 27.000 0.877661577163148
M4 21.000 27.000 0.8784292581890273
M5 21.000 27.000 0.8792149822432597
M6 21.000 27.000 0.88
M3 21.000 33.000 0.8778713837693717
M4 21.000 33.000 0.8785809953477619
M5 21.000 33.000 0.8792909164997119
M6 21.000 33.000 0.88
M3 21.000 39.000 0.877955333182862
M4 21.000 39.000 0.8786335123197325
M5 21.000 39.000 0.879316851059519
M6 21.000 39.000 0.88
M3 21.000 45.000 0.8780518468942449
M4 21.000 45.000 0.8787025312418637
M5 21.000 45.000 0.8793503776010884
M6 21.000 45.000 0.88
M3 27.000 3.000 0.8791458198481097
M4 27.000 3.000 0.8794174256630293
M5 27.000 3.000 0.8797061577672451
M6 27.000 3.000 0.88
M3 27.000 9.000 0.8772072798294768
M4 27.000 9.000 0.878142336899854
M5 27.000 9.000 0.8790717200129782
M6 27.000 9.000 0.88
M3 27.000 15.000 0.8763049484313719
M4 27.000 15.000 0.8775608678998651
M5 27.000 15.000 0.8787813498200238
M6 27.000 15.000 0.88
M3 27.000 21.000 0.8765236906007307
M4 27.000 21.000 0.8777025924256926
M5 27.000 21.000 0.878854619427321
M6 27.000 21.000 0.88
M3 27.000 27.000 0.8775851986352523
M4 27.000 27.000 0.8783927679820006
M5 27.000 27.000 0.879193746192593
M6 27.000 27.000 0.88
M3 27.000 33.000 0.8779629549712004
M4 27.000 33.000 0.8786443186780231
M5 27.000 33.000 0.8793246465277131
M6 27.000 33.000 0.88
M3 27.000 39.000 0.8783523412229117
M4 27.000 39.000 0.8788983808609613
M5 27.000 39.000 0.8794473193759368
M6 27.000 39.000 0.88
M3 27.000 45.000 0.8782587439993609
M4 27.000 45.000 0.878841043560895
M5 27.000 45.000 0.8794203078613292
M6 27.000 45.000 0.88
M3 33.000 3.000 0.8789281128087219
M4 33.000 3.000 0.8792824774761698
M5 33.000 3.000 0.8796391086614918
M6 33.000 3.000 0.88
M3 33.000 9.000 0.8778958893108239
M4 33.000 9.000 0.8786012795216034
M5 33.000 9.000 0.8793009771309708
M6 33.000 9.000 0.88
M3 33.000 15.000 0.8783984135832218
M4 33.000 15.000 0.8789282739058025
M5 33.000 15.000 0.8794618444398593
M6 33.000 15.000 0.88
M3 33.000 21.000 0.8778247668163518
M4 33.000 21.000 0.8785530799747071
M5 33.000 21.000 0.8792784433965044
M6 33.000 21.000 0.88
M3 33.000 27.000 0.8777266748516418
M4 33.000 27.000 0.8784914032528838
M5 33.000 27.000 0.8792473150852199
M6 33.000 27.000 0.88
M3 33.000 33.000 0.8778305040382114
M4 33.000 33.000 0.8785536818289281
M5 33.000 33.000 0.8792768199945621
M6 33.000 33.000 0.88
M3 33.000 39.000 0.8775723004281709
M4 33.000 39.000 0.8783957363947118
M5 33.000 39.000 0.8792026886690277
M6 33.000 39.000 0.88
M3 33.000 45.000 0.8785490988408593
M4 33.000 45.000 0.8790368525563061
M5 33.000 45.000 0.8795141950778735
M6 33.000 45.000 0.88
M3 39.000 3.000 0.8786404731650476
M4 39.000 3.000 0.8791056866928516
M5 39.000 3.000 0.8795513818845612
M6 39.000 3.000 0.88
M3 39.000 9.000 0.8780636627798962
M4 39.000 9.000 0.8787109996409539
M5 39.000 9.000 0.8793559477707565
M6 39.000 9.000 0.88
M3 39.000 15.000 0.8782617508516117
M4 39.000 15.000 0.878844332158587
M5 39.000 15.000 0.8794204407400349
M6 39.000 15.000 0.88
M3 39.000 21.000 0.8778313369816862
M4 39.000 21.000 0.8785599128558431
M5 39.000 21.000 0.8792824135993343
M6 39.000 21.000 0.88
M3 39.000 27.000 0.8780227920091299
M4 39.000 27.000 0.8786820688719182
M5 39.000 27.000 0.879340960171656
M6 39.000 27.000 0.88
M3 39.000 33.000 0.8776581338218848
M4 39.000 33.000 0.878453333374559
M5 39.000 33.000 0.8792298242798346
M6 39.000 33.000 0.88
M3 39.000 39.000 0.8782590027099247
M4 39.000 39.000 0.8788354244190959
M5 39.000 39.000 0.8794181201633069
M6 39.000 39.000 0.88
M3 39.000 45.000 0.8789379170947542
M4 39.000 45.000 0.8792845239001356
M5 39.000 45.000 0.8796390523474861
M6 39.000 45.000 0.88
M3 45.000 3.000 0.8795749806422195
M4 45.000 3.000 0.8797096293532939
M5 45.000 3.000 0.879852785379313
M6 45.000 3.000 0.88
M3 45.000 9.000 0.8783646720852666
M4 45.000 9.000 0.878916269010487
M5 45.000 9.000 0.8794583685321959
M6 45.000 9.000 0.88
M3 45.000 15.000 0.8785251772980435
M4 45.000 15.000 0.8790192994324735
M5 45.000 15.000 0.8795083778124022
M6 45.000 15.000 0.88
M3 45.000 21.000 0.878203147602659
M4 45.000 21.000 0.8788097509636071
M5 45.000 21.000 0.8794066255056435
M6 45.000 21.000 0.88
M3 45.000 27.000 0.8783160977875373
M4 45.000 27.000 0.8788881570129546
M5 45.000 27.000 0.8794448751060757
M6 45.000 27.000 0.88
M3 45.000 33.000 0.8786498124502445
M4 45.000 33.000 0.8791013308161189
M5 45.000 33.000 0.8795509542873078
M6 45.000 33.000 0.88
M3 45.000 39.000 0.8785191991768805
M4 45.000 39.000 0.8790241510418756
M5 45.000 39.000 0.8795136984087767
M6 45.000 39.000 0.88
M3 45.000 45.000 0.8788065103973937
M4 45.000 45.000 0.879215329565186
M5 45.000 45.000 0.8796062735661733
M6 45.000 45.000 0.88
M3 51.000 3.000 0.8799698361869331
M4 51.000 3.000 0.8799732794159357
M5 51.000 3.000 0.879986040069181
M6 51.000 3.000 0.88
M3 51.000 9.000 0.8792684987784161
M4 51.000 9.000 0.8795014345204626
M5 51.000 9.000 0.879751000637545
M6 51.000 9.000 0.88
M3 51.000 15.000 0.8791054825451081
M4 51.000 15.000 0.8793960168863981
M5 51.000 15.000 0.8796983493197973
M6 51.000 15.000 0.88
M3 51.000 21.000 0.8791907170753227
M4 51.000 21.000 0.8794487418278366
M5 51.000 21.000 0.8797256194476548
M6 51.000 21.000 0.88
M3 51.000 27.000 0.8795872190049834
M4 51.000 27.000 0.879707890445838
M5 51.000 27.000 0.8798527722744426
M6 51.000 27.000 0.88
M3 51.000 33.000 0.879759461863843
M4 51.000 33.000 0.8798251240450813
M5 51.000 33.000 0.8799127692978695
M6 51.000 33.000 0.88
M3 51.000 39.000 0.8797669888406053
M4 51.000 39.000 0.8798290575884057
M5 51.000 39.000 0.8799146971699253
M6 51.000 39.000 0.88
M3 51.000 45.000 0.8798118004508086
M4 51.000 45.000 0.8798611419024263
M5 51.000 45.000 0.8799300950997765
M6 51.000 45.000 0.88
M3 3.000 0.900 0.8779107492441094
M3 3.000 50.700 0.879709802501945
M3 9.000 0.900 0.8780820429933952
M3 9.000 50.700 0.8783272799856843
M3 15.000 0.900 0.8782309192784692
M3 15.000 50.700 0.8780440095961979
M3 21.000 0.900 0.8781038373618327
M3 21.000 50.700 0.877942405199188
M3 27.000 0.900 0.8763049484313717
M3 27.000 50.700 0.8781323021055141
M3 33.000 0.900 0.8783984135832218
M3 33.000 50.700 0.8784705483277538
M3 39.000 0.900 0.8782617508516115
M3 39.000 50.700 0.8788327852467648
M3 45.000 0.900 0.8785251772980435
M3 45.000 50.700 0.8787533779421378
M3 51.000 0.900 0.879105482545108
M3 51.000 50.700 0.8797464667053944
M4 0.900 3.000 0.8786600988159233
M4 51.220 3.000 0.8799692810293431
M4 0.900 9.000 0.8788077288673868
M4 51.220 9.000 0.879498499372612
M4 0.900 15.000 0.878816937623133
M4 51.220 15.000 0.8793925259914062
M4 0.900 21.000 0.8783293356324989
M4 51.220 21.000 0.8794445206208126
M4 0.900 27.000 0.8777440272619362
M4 51.220 27.000 0.8797024387696762
M4 0.900 33.000 0.8785052890751134
M4 51.220 33.000 0.8798194212918697
M4 0.900 39.000 0.8781622596618729
M4 51.220 39.000 0.8798240002723682
M4 0.900 45.000 0.878677538458572
M4 51.220 45.000 0.8798560577944362
M5 3.000 0.900 0.8793060516960629
M5 3.000 50.700 0.8798964007805983
M5 9.000 0.900 0.8793607598650108
M5 9.000 50.700 0.8794433632219683
M5 15.000 0.900 0.8794054518659951
M5 15.000 50.700 0.879343935637495
M5 21.000 0.900 0.8793567759753605
M5 21.000 50.700 0.8793147383074644
M5 27.000 0.900 0.8787813498200238
M5 27.000 50.700 0.8793783890694388
M5 33.000 0.900 0.8794618444398592
M5 33.000 50.700 0.8794885549450181
M5 39.000 0.900 0.879420440740035
M5 39.000 50.700 0.8796050081262339
M5 45.000 0.900 0.8795083778124021
M5 45.000 50.700 0.8795884875177836
M5 51.000 0.900 0.8796983493197972
M5 51.000 50.700 0.8799085584239386
M6 0.900 3.000 0.8800000000000001
M6 51.220 3.000 0.88
M6 0.900 9.000 0.8800000000000001
M6 51.220 9.000 0.88
M6 0.900 15.000 0.8800000000000001
M6 51.220 15.000 0.88
M6 0.900 21.000 0.8800000000000001
M6 51.220 21.000 0.88
M6 0.900 27.000 0.8800000000000001
M6 51.220 27.000 0.88
M6 0.900 33.000 0.8800000000000001
M6 51.220 33.000 0.88
M6 0.900 39.000 0.8800000000000001
M6 51.220 39.000 0.88
M6 0.900 45.000 0.8800000000000001
M6 51.220 45.000 0.88
